0,0	0,00	0,54
0,2	0,08	0,48
0,4	0,16	0,44
0,6	0,22	0,38
0,8	0,28	0,32
1,0	0,36	0,26
1,2	0,42	0,20
1,4	0,48	0,14
1,6	0,54	0,08
1,8	0,60	0,02
2,0	0,66	-0,04
2,2	0,72	-0,10
2,4	0,76	-0,16
2,6	0,82	-0,22
2,8	0,86	-0,28
3,0	0,90	-0,34
3,2	0,94	-0,40
3,4	0,98	-0,44
3,6	1,02	-0,50
3,8	1,04	-0,56
4,0	1,08	-0,60
4,2	1,10	-0,64
4,4	1,10	-0,70
4,6	1,12	-0,72
4,8	1,12	-0,76
5,0	1,14	-0,80
5,2	1,14	-0,84
5,4	1,12	-0,86
5,6	1,12	-0,88
5,8	1,10	-0,90
6,0	1,08	-0,92
6,2	1,06	-0,94
6,4	1,02	-0,94
6,6	1,00	-0,96
6,8	0,96	-0,96
7,0	0,92	-0,96
7,2	0,88	-0,94
7,4	0,84	-0,94
7,6	0,78	-0,94
7,8	0,72	-0,92
8,0	0,66	-0,90
8,2	0,60	-0,88
8,4	0,54	-0,86
8,6	0,48	-0,82
8,8	0,42	-0,80
9,0	0,34	-0,76
9,2	0,28	-0,72
9,4	0,20	-0,68
9,6	0,14	-0,64
9,8	0,06	-0,60
10,0	-0,02	-0,54
10,2	-0,08	-0,50
10,4	-0,16	-0,44
10,6	-0,22	-0,38
10,8	-0,30	-0,32
11,0	-0,36	-0,28
11,2	-0,42	-0,22
11,4	-0,48	-0,16
11,6	-0,54	-0,10
11,8	-0,60	-0,04
12,0	-0,66	0,04
12,2	-0,72	0,10
12,4	-0,76	0,16
12,6	-0,82	0,22
12,8	-0,86	0,28
13,0	-0,90	0,34
13,2	-0,96	0,38
13,4	-0,98	0,44
13,6	-1,02	0,50
13,8	-1,04	0,54
14,0	-1,08	0,60
14,2	-1,10	0,64
14,4	-1,10	0,68
14,6	-1,12	0,72
14,8	-1,12	0,76
15,0	-1,14	0,80
15,2	-1,14	0,82
15,4	-1,12	0,84
15,6	-1,12	0,88
15,8	-1,10	0,90
16,0	-1,08	0,92
16,2	-1,06	0,92
16,4	-1,04	0,94
16,6	-1,00	0,94
16,8	-0,96	0,94
17,0	-0,92	0,94
17,2	-0,88	0,94
17,4	-0,84	0,94
17,6	-0,78	0,92
17,8	-0,72	0,90
18,0	-0,68	0,90
18,2	-0,60	0,88
18,4	-0,54	0,84
18,6	-0,48	0,82
18,8	-0,42	0,78
19,0	-0,34	0,76
19,2	-0,28	0,72
19,4	-0,20	0,68
19,6	-0,14	0,64
19,8	-0,06	0,58
20,0	0,02	0,54
20,2	0,08	0,48
20,4	0,14	0,44
20,6	0,22	0,38
20,8	0,30	0,32
21,0	0,36	0,26
21,2	0,42	0,20
21,4	0,48	0,14
21,6	0,54	0,08
21,8	0,60	0,02
22,0	0,66	-0,04
22,2	0,72	-0,10
22,4	0,76	-0,16
22,6	0,82	-0,22
22,8	0,86	-0,28
23,0	0,90	-0,34
23,2	0,94	-0,40
23,4	0,98	-0,46
23,6	1,02	-0,50
23,8	1,04	-0,56
24,0	1,08	-0,60
24,2	1,10	-0,64
24,4	1,10	-0,68
24,6	1,12	-0,72
24,8	1,12	-0,76
25,0	1,12	-0,80
25,2	1,12	-0,84
25,4	1,12	-0,86
25,6	1,12	-0,88
25,8	1,10	-0,90
26,0	1,08	-0,92
26,2	1,06	-0,94
26,4	1,02	-0,94
26,6	1,00	-0,96
26,8	0,96	-0,96
27,0	0,92	-0,96
27,2	0,88	-0,96
27,4	0,84	-0,94
27,6	0,78	-0,94
27,8	0,72	-0,92
28,0	0,66	-0,90
28,2	0,60	-0,88
28,4	0,54	-0,86
28,6	0,48	-0,82
28,8	0,42	-0,80
29,0	0,34	-0,76
29,2	0,28	-0,72
29,4	0,20	-0,68
29,6	0,12	-0,64
29,8	0,06	-0,60
30,0	-0,02	-0,54
30,2	-0,08	-0,50
30,4	-0,16	-0,44
30,6	-0,22	-0,38
30,8	-0,30	-0,32
31,0	-0,36	-0,28
31,2	-0,42	-0,22
31,4	-0,48	-0,16
31,6	-0,54	-0,10
31,8	-0,60	-0,04
32,0	-0,66	0,04
32,2	-0,72	0,10
32,4	-0,76	0,16
32,6	-0,82	0,22
32,8	-0,86	0,28
33,0	-0,90	0,34
33,2	-0,96	0,38
33,4	-0,98	0,44
33,6	-1,02	0,50
33,8	-1,04	0,54
34,0	-1,08	0,60
34,2	-1,10	0,64
34,4	-1,10	0,68
34,6	-1,12	0,72
34,8	-1,12	0,76
35,0	-1,14	0,80
35,2	-1,14	0,82
35,4	-1,12	0,84
35,6	-1,12	0,88
35,8	-1,10	0,90
36,0	-1,08	0,92
36,2	-1,06	0,92
36,4	-1,02	0,94
36,6	-1,00	0,94
36,8	-0,96	0,94
37,0	-0,92	0,94
37,2	-0,88	0,94
37,4	-0,84	0,94
37,6	-0,78	0,92
37,8	-0,72	0,90
38,0	-0,68	0,90
38,2	-0,60	0,86
38,4	-0,54	0,84
38,6	-0,48	0,82
38,8	-0,42	0,78
39,0	-0,34	0,76
39,2	-0,28	0,72
39,4	-0,20	0,68
39,6	-0,14	0,64
39,8	-0,06	0,58
40,0	0,00	0,54
40,2	0,08	0,48
40,4	0,16	0,44
40,6	0,22	0,38
40,8	0,28	0,32
41,0	0,36	0,26
41,2	0,42	0,20
41,4	0,48	0,14
41,6	0,54	0,08
41,8	0,60	0,02
42,0	0,66	-0,04
42,2	0,72	-0,10
42,4	0,76	-0,16
42,6	0,82	-0,22
42,8	0,86	-0,28
43,0	0,90	-0,34
43,2	0,94	-0,40
43,4	0,98	-0,46
43,6	1,02	-0,50
43,8	1,04	-0,56
44,0	1,08	-0,60
44,2	1,10	-0,64
44,4	1,10	-0,68
44,6	1,12	-0,72
44,8	1,12	-0,76
45,0	1,12	-0,80
45,2	1,12	-0,84
45,4	1,12	-0,86
45,6	1,12	-0,88
45,8	1,10	-0,90
46,0	1,08	-0,92
46,2	1,06	-0,94
46,4	1,02	-0,94
46,6	1,00	-0,96
46,8	0,96	-0,96
47,0	0,92	-0,96
47,2	0,88	-0,94
47,4	0,84	-0,94
47,6	0,78	-0,94
47,8	0,72	-0,92
48,0	0,66	-0,90
48,2	0,60	-0,88
48,4	0,54	-0,86
48,6	0,48	-0,82
48,8	0,42	-0,80
49,0	0,34	-0,76
49,2	0,28	-0,72
49,4	0,20	-0,68
49,6	0,12	-0,64
49,8	0,06	-0,60
50,0	-0,02	-0,54
50,2	-0,08	-0,50
50,4	-0,16	-0,44
50,6	-0,22	-0,38
50,8	-0,30	-0,32
51,0	-0,36	-0,28
51,2	-0,42	-0,22
51,4	-0,48	-0,16
51,6	-0,54	-0,10
51,8	-0,60	-0,02
52,0	-0,66	0,04
52,2	-0,72	0,10
52,4	-0,76	0,16
52,6	-0,82	0,22
52,8	-0,86	0,28
53,0	-0,90	0,34
53,2	-0,96	0,38
53,4	-0,98	0,44
53,6	-1,02	0,50
53,8	-1,04	0,54
54,0	-1,08	0,60
54,2	-1,10	0,64
54,4	-1,10	0,68
54,6	-1,12	0,72
54,8	-1,12	0,76
55,0	-1,14	0,80
55,2	-1,14	0,82
55,4	-1,12	0,84
55,6	-1,12	0,88
55,8	-1,10	0,90
56,0	-1,08	0,92
56,2	-1,06	0,92
56,4	-1,02	0,94
56,6	-1,00	0,94
56,8	-0,96	0,94
57,0	-0,92	0,94
57,2	-0,88	0,94
57,4	-0,84	0,94
57,6	-0,78	0,92
57,8	-0,72	0,90
58,0	-0,66	0,90
58,2	-0,60	0,88
58,4	-0,54	0,84
58,6	-0,48	0,82
58,8	-0,42	0,78
59,0	-0,34	0,76
59,2	-0,28	0,72
59,4	-0,20	0,68
59,6	-0,14	0,64
59,8	-0,06	0,58
60,0	0,02	0,54
60,2	0,08	0,48
60,4	0,16	0,44
60,6	0,22	0,38
60,8	0,28	0,32
61,0	0,36	0,26
61,2	0,42	0,20
61,4	0,48	0,14
61,6	0,54	0,08
61,8	0,60	0,02
62,0	0,66	-0,04
62,2	0,72	-0,10
62,4	0,76	-0,16
62,6	0,82	-0,22
62,8	0,86	-0,28
63,0	0,90	-0,34
63,2	0,94	-0,40
63,4	0,98	-0,44
63,6	1,02	-0,50
63,8	1,04	-0,56
64,0	1,08	-0,60
64,2	1,10	-0,64
64,4	1,10	-0,68
64,6	1,12	-0,72
64,8	1,12	-0,76
65,0	1,14	-0,80
65,2	1,14	-0,84
65,4	1,12	-0,86
65,6	1,12	-0,88
65,8	1,10	-0,90
66,0	1,08	-0,92
66,2	1,06	-0,94
66,4	1,02	-0,94
66,6	1,00	-0,96
66,8	0,96	-0,96
67,0	0,92	-0,96
67,2	0,88	-0,96
67,4	0,84	-0,94
67,6	0,78	-0,94
67,8	0,72	-0,92
68,0	0,66	-0,90
68,2	0,60	-0,88
68,4	0,54	-0,86
68,6	0,48	-0,82
68,8	0,42	-0,80
69,0	0,34	-0,76
69,2	0,28	-0,72
69,4	0,20	-0,68
69,6	0,12	-0,64
69,8	0,06	-0,60
70,0	-0,02	-0,54
70,2	-0,08	-0,50
70,4	-0,16	-0,44
70,6	-0,22	-0,38
70,8	-0,30	-0,32
71,0	-0,36	-0,28
71,2	-0,42	-0,22
71,4	-0,48	-0,16
71,6	-0,54	-0,10
71,8	-0,60	-0,02
72,0	-0,66	0,04
72,2	-0,72	0,10
72,4	-0,76	0,16
72,6	-0,82	0,22
72,8	-0,86	0,28
73,0	-0,90	0,34
73,2	-0,94	0,38
73,4	-0,98	0,44
73,6	-1,02	0,50
73,8	-1,04	0,54
74,0	-1,08	0,60
74,2	-1,10	0,64
74,4	-1,10	0,68
74,6	-1,12	0,72
74,8	-1,12	0,76
75,0	-1,14	0,80
75,2	-1,14	0,82
75,4	-1,12	0,84
75,6	-1,12	0,88
75,8	-1,10	0,90
76,0	-1,08	0,92
76,2	-1,06	0,92
76,4	-1,04	0,94
76,6	-1,00	0,94
76,8	-0,96	0,94
77,0	-0,92	0,94
77,2	-0,88	0,94
77,4	-0,84	0,94
77,6	-0,78	0,92
77,8	-0,72	0,90
78,0	-0,66	0,90
78,2	-0,60	0,86
78,4	-0,54	0,84
78,6	-0,48	0,82
78,8	-0,42	0,78
79,0	-0,34	0,76
79,2	-0,28	0,72
79,4	-0,20	0,68
79,6	-0,14	0,64
79,8	-0,06	0,58
80,0	0,02	0,54
80,2	0,08	0,48
80,4	0,16	0,44
80,6	0,22	0,38
80,8	0,28	0,32
81,0	0,36	0,26
81,2	0,42	0,20
81,4	0,48	0,14
81,6	0,54	0,08
81,8	0,60	0,02
82,0	0,66	-0,04
82,2	0,72	-0,10
82,4	0,76	-0,16
82,6	0,82	-0,22
82,8	0,86	-0,28
83,0	0,90	-0,34
83,2	0,94	-0,40
83,4	0,98	-0,44
83,6	1,02	-0,50
83,8	1,04	-0,56
84,0	1,08	-0,60
84,2	1,10	-0,64
84,4	1,10	-0,68
84,6	1,12	-0,72
84,8	1,12	-0,76
85,0	1,14	-0,80
85,2	1,12	-0,84
85,4	1,12	-0,86
85,6	1,12	-0,88
85,8	1,10	-0,90
86,0	1,08	-0,92
86,2	1,06	-0,94
86,4	1,02	-0,94
86,6	1,00	-0,96
86,8	0,96	-0,96
87,0	0,92	-0,96
87,2	0,88	-0,94
87,4	0,84	-0,94
87,6	0,78	-0,94
87,8	0,72	-0,92
88,0	0,66	-0,90
88,2	0,60	-0,88
88,4	0,54	-0,86
88,6	0,48	-0,82
88,8	0,42	-0,80
89,0	0,34	-0,76
89,2	0,28	-0,72
89,4	0,20	-0,68
89,6	0,14	-0,64
89,8	0,06	-0,60
90,0	-0,02	-0,54
90,2	-0,08	-0,50
90,4	-0,16	-0,44
90,6	-0,22	-0,38
90,8	-0,30	-0,32
91,0	-0,36	-0,28
91,2	-0,42	-0,22
91,4	-0,48	-0,16
91,6	-0,54	-0,10
91,8	-0,60	-0,02
92,0	-0,66	0,04
92,2	-0,72	0,10
92,4	-0,76	0,16
92,6	-0,82	0,22
92,8	-0,86	0,28
93,0	-0,92	0,34
93,2	-0,94	0,38
93,4	-0,98	0,44
93,6	-1,02	0,50
93,8	-1,04	0,54
94,0	-1,08	0,60
94,2	-1,10	0,64
94,4	-1,10	0,68
94,6	-1,12	0,72
94,8	-1,12	0,76
95,0	-1,14	0,80
95,2	-1,14	0,82
95,4	-1,12	0,84
95,6	-1,12	0,88
95,8	-1,10	0,90
96,0	-1,08	0,92
96,2	-1,06	0,92
96,4	-1,04	0,94
96,6	-1,00	0,94
96,8	-0,96	0,94
97,0	-0,92	0,94
97,2	-0,88	0,94
97,4	-0,84	0,94
97,6	-0,78	0,92
97,8	-0,72	0,90
98,0	-0,66	0,88
98,2	-0,60	0,88
98,4	-0,54	0,84
98,6	-0,48	0,82
98,8	-0,42	0,78
99,0	-0,34	0,76
99,2	-0,28	0,72
99,4	-0,20	0,68
99,6	-0,14	0,64
99,8	-0,06	0,58
100,0	0,02	0,54
