V-A Characteristics 1.6.5

Experiment
Jméno

L E G E N D
M1	0mV
M2	20mV
M3	50mV
M4	100mV

M1-U[V]	M1-I[mA] M2-U[V] M2-I[mA] M3-U[V] M3-I[mA] M4-U[V] M4-I[mA]
0,000	0,0000	0,000	0,0000	0,000	0,0000	0,000	0,0000
0,015	0,0000	0,015	0,0000	0,015	0,0000	0,015	0,0000
0,023	0,0000	0,023	0,0000	0,023	0,0000	0,022	0,0000
0,033	0,0000	0,033	0,0000	0,033	0,0000	0,030	0,0000
0,046	0,0000	0,046	0,0000	0,046	0,0000	0,040	0,0000
0,060	0,0000	0,060	0,0000	0,060	0,0000	0,050	0,0000
0,074	0,0000	0,074	0,0000	0,074	0,0000	0,060	0,0000
0,088	0,0000	0,088	0,0000	0,088	0,0000	0,070	0,0000
0,099	0,0000	0,099	0,0000	0,099	0,0000	0,080	0,0000
0,110	0,0000	0,110	0,0000	0,110	0,0000	0,090	0,0000
0,120	0,0000	0,120	0,0000	0,120	0,0000	0,100	0,0000
0,130	0,0000	0,130	0,0000	0,130	0,0000	0,110	0,0000
0,140	0,0000	0,140	0,0000	0,140	0,0000	0,120	0,0000
0,150	0,0000	0,150	0,0000	0,150	0,0000	0,130	0,0000
0,160	0,0000	0,160	0,0000	0,160	0,0000	0,140	0,0000
0,170	0,0000	0,170	0,0000	0,170	0,0000	0,150	0,0000
0,180	0,0000	0,180	0,0000	0,180	0,0000	0,160	0,0000
0,190	0,0000	0,190	0,0000	0,190	0,0000	0,170	0,0000
0,200	0,0000	0,200	0,0000	0,200	0,0000	0,180	0,0000
0,210	0,0000	0,210	0,0000	0,210	0,0000	0,190	0,0000
0,220	0,0000	0,220	0,0000	0,220	0,0000	0,200	0,0000
0,230	0,0000	0,230	0,0000	0,230	0,0000	0,210	0,0000
0,240	0,0000	0,240	0,0000	0,240	0,0000	0,220	0,0000
0,250	0,0000	0,250	0,0000	0,250	0,0000	0,230	0,0000
0,260	0,0000	0,260	0,0000	0,260	0,0000	0,240	0,0000
0,270	0,0000	0,270	0,0000	0,270	0,0000	0,250	0,0000
0,280	0,0000	0,280	0,0000	0,280	0,0000	0,260	0,0000
0,290	0,0000	0,290	0,0000	0,290	0,0000	0,270	0,0000
0,300	0,0000	0,300	0,0000	0,300	0,0000	0,280	0,0000
0,310	0,0000	0,310	0,0000	0,310	0,0000	0,290	0,0000
0,321	0,0000	0,321	0,0000	0,321	0,0000	0,300	0,0000
0,333	0,0000	0,333	0,0000	0,333	0,0000	0,310	0,0000
0,346	0,0000	0,346	0,0000	0,346	0,0000	0,321	0,0000
0,360	0,0000	0,360	0,0000	0,360	0,0000	0,333	0,0000
0,374	0,0000	0,374	0,0000	0,374	0,0000	0,346	0,0000
0,388	0,0000	0,388	0,0000	0,388	0,0000	0,360	0,0000
0,399	0,0000	0,399	0,0000	0,399	0,0000	0,374	0,0000
0,410	0,0000	0,410	0,0000	0,410	0,0000	0,388	0,0000
0,420	0,0000	0,420	0,0000	0,420	0,0000	0,399	0,0000
0,430	0,0000	0,430	0,0000	0,430	0,0000	0,410	0,0000
0,440	0,0000	0,440	0,0000	0,440	0,0000	0,420	0,0000
0,450	0,0000	0,450	0,0000	0,450	0,0000	0,430	0,0000
0,460	0,0000	0,460	0,0000	0,460	0,0000	0,440	0,0000
0,470	0,0000	0,470	0,0000	0,470	0,0000	0,450	0,0000
0,480	0,0000	0,480	0,0000	0,480	0,0000	0,460	0,0000
0,490	0,0000	0,490	0,0000	0,490	0,0000	0,470	0,0000
0,500	0,0000	0,500	0,0000	0,500	0,0000	0,480	0,0000
0,510	0,0000	0,510	0,0000	0,510	0,0000	0,490	0,0000
0,520	0,0016	0,520	0,0000	0,520	0,0000	0,500	0,0000
0,530	0,0063	0,530	0,0000	0,530	0,0000	0,510	0,0000
0,540	0,0141	0,540	0,0000	0,540	0,0000	0,521	0,0000
0,550	0,0250	0,550	0,0000	0,550	0,0000	0,532	0,0000
0,560	0,0375	0,560	0,0016	0,560	0,0000	0,546	0,0000
0,570	0,0500	0,570	0,0063	0,570	0,0000	0,560	0,0000
0,580	0,0644	0,580	0,0156	0,580	0,0016	0,574	0,0000
0,590	0,0825	0,590	0,0313	0,590	0,0063	0,588	0,0000
0,600	0,1056	0,600	0,0519	0,600	0,0146	0,599	0,0008
0,610	0,1350	0,610	0,0763	0,610	0,0271	0,610	0,0031
0,620	0,1711	0,620	0,1037	0,620	0,0426	0,620	0,0078
0,630	0,2144	0,630	0,1338	0,630	0,0600	0,630	0,0156
0,640	0,2693	0,640	0,1695	0,640	0,0808	0,640	0,0260
0,650	0,3404	0,650	0,2144	0,650	0,1066	0,650	0,0385
0,660	0,4350	0,660	0,2734	0,660	0,1386	0,660	0,0525
0,670	0,5603	0,670	0,3515	0,670	0,1784	0,670	0,0672
0,680	0,7248	0,680	0,4533	0,680	0,2288	0,680	0,0851
0,690	0,9372	0,690	0,5835	0,690	0,2926	0,690	0,1086
0,700	1,2135	0,700	0,7529	0,700	0,3777	0,700	0,1419
0,710	1,5700	0,710	0,9720	0,710	0,4920	0,710	0,1893
0,720	2,0351	0,720	1,2627	0,720	0,6458	0,720	0,2530
0,730	2,6373	0,730	1,6471	0,730	0,8494	0,730	0,3352
0,740	3,3282	0,740	2,1466	0,740	1,1177	0,740	0,4410
0,750	4,0597	0,750	2,7828	0,750	1,4660	0,750	0,5758
0,758	4,6551	0,760	3,4939	0,760	1,9211	0,760	0,7540
0,765	5,0873	0,770	4,2183	0,770	2,5100	0,770	0,9903
0,780	5,7500	0,778	4,7946	0,780	3,1923	0,780	1,3278
		0,785	5,1969	0,790	3,9278	0,790	1,8098
		0,800	5,7500	0,798	4,5332	0,800	2,4368
				0,805	4,9866	0,810	3,2095
				0,820	5,7500	0,818	3,8913
						0,825	4,4702
						0,840	5,7500
