Oscilloscope 1.6.3

Experiment
Jméno

L E G E N D
CH A	napìtí na primární cívce
CH B	proud na odporu

M E A S U R E
Channel	U rms	U mean	U max	U min	f
A	0,39 V	0,00 V	0,56 V	-0,56 V	50,00 Hz
B	0,35 V	0,00 V	0,50 V	-0,50 V	49,95 Hz


Time [ms]	CH A [V]	CH B [V]
0,0	0,02	0,30
0,2	0,04	0,28
0,4	0,08	0,26
0,6	0,12	0,22
0,8	0,14	0,20
1,0	0,18	0,16
1,2	0,22	0,14
1,4	0,24	0,10
1,6	0,28	0,06
1,8	0,30	0,04
2,0	0,32	0,00
2,2	0,36	-0,02
2,4	0,38	-0,06
2,6	0,40	-0,08
2,8	0,42	-0,12
3,0	0,44	-0,16
3,2	0,46	-0,18
3,4	0,48	-0,22
3,6	0,50	-0,24
3,8	0,52	-0,26
4,0	0,52	-0,30
4,2	0,54	-0,32
4,4	0,54	-0,34
4,6	0,54	-0,36
4,8	0,56	-0,38
5,0	0,56	-0,40
5,2	0,56	-0,42
5,4	0,56	-0,44
5,6	0,54	-0,46
5,8	0,54	-0,46
6,0	0,52	-0,48
6,2	0,52	-0,48
6,4	0,50	-0,48
6,6	0,48	-0,50
6,8	0,46	-0,50
7,0	0,44	-0,50
7,2	0,42	-0,50
7,4	0,40	-0,50
7,6	0,38	-0,50
7,8	0,36	-0,48
8,0	0,32	-0,48
8,2	0,30	-0,48
8,4	0,26	-0,46
8,6	0,22	-0,44
8,8	0,20	-0,44
9,0	0,16	-0,42
9,2	0,12	-0,40
9,4	0,10	-0,38
9,6	0,06	-0,36
9,8	0,02	-0,34
10,0	-0,02	-0,30
10,2	-0,04	-0,28
10,4	-0,08	-0,26
10,6	-0,12	-0,22
10,8	-0,16	-0,20
11,0	-0,18	-0,18
11,2	-0,22	-0,14
11,4	-0,24	-0,10
11,6	-0,28	-0,08
11,8	-0,30	-0,04
12,0	-0,34	-0,02
12,2	-0,36	0,02
12,4	-0,38	0,06
12,6	-0,40	0,08
12,8	-0,42	0,12
13,0	-0,46	0,14
13,2	-0,46	0,18
13,4	-0,48	0,20
13,6	-0,50	0,24
13,8	-0,52	0,26
14,0	-0,52	0,28
14,2	-0,54	0,32
14,4	-0,54	0,34
14,6	-0,56	0,36
14,8	-0,56	0,38
15,0	-0,56	0,40
15,2	-0,56	0,42
15,4	-0,56	0,44
15,6	-0,54	0,44
15,8	-0,54	0,46
16,0	-0,52	0,46
16,2	-0,52	0,48
16,4	-0,50	0,48
16,6	-0,48	0,48
16,8	-0,46	0,50
17,0	-0,44	0,50
17,2	-0,42	0,50
17,4	-0,40	0,50
17,6	-0,38	0,48
17,8	-0,36	0,48
18,0	-0,32	0,48
18,2	-0,30	0,46
18,4	-0,26	0,46
18,6	-0,24	0,44
18,8	-0,20	0,42
19,0	-0,16	0,40
19,2	-0,12	0,38
19,4	-0,10	0,38
19,6	-0,06	0,36
19,8	-0,02	0,32
20,0	0,02	0,30
20,2	0,04	0,28
20,4	0,08	0,24
20,6	0,12	0,22
20,8	0,14	0,20
21,0	0,18	0,16
21,2	0,20	0,14
21,4	0,24	0,10
21,6	0,28	0,08
21,8	0,30	0,04
22,0	0,32	0,00
22,2	0,36	-0,02
22,4	0,38	-0,06
22,6	0,40	-0,08
22,8	0,42	-0,12
23,0	0,44	-0,16
23,2	0,46	-0,18
23,4	0,48	-0,22
23,6	0,50	-0,24
23,8	0,52	-0,26
24,0	0,52	-0,30
24,2	0,54	-0,32
24,4	0,54	-0,34
24,6	0,54	-0,36
24,8	0,56	-0,38
25,0	0,56	-0,40
25,2	0,56	-0,42
25,4	0,56	-0,44
25,6	0,54	-0,46
25,8	0,54	-0,46
26,0	0,52	-0,48
26,2	0,52	-0,48
26,4	0,50	-0,50
26,6	0,48	-0,50
26,8	0,46	-0,50
27,0	0,44	-0,50
27,2	0,42	-0,50
27,4	0,40	-0,50
27,6	0,38	-0,50
27,8	0,36	-0,48
28,0	0,32	-0,48
28,2	0,28	-0,48
28,4	0,26	-0,46
28,6	0,22	-0,44
28,8	0,20	-0,44
29,0	0,16	-0,42
29,2	0,12	-0,40
29,4	0,10	-0,38
29,6	0,06	-0,36
29,8	0,02	-0,34
30,0	-0,02	-0,30
30,2	-0,04	-0,28
30,4	-0,08	-0,26
30,6	-0,12	-0,24
30,8	-0,14	-0,20
31,0	-0,18	-0,16
31,2	-0,22	-0,14
31,4	-0,24	-0,10
31,6	-0,28	-0,08
31,8	-0,30	-0,04
32,0	-0,34	-0,02
32,2	-0,36	0,02
32,4	-0,38	0,04
32,6	-0,40	0,08
32,8	-0,42	0,12
33,0	-0,46	0,14
33,2	-0,46	0,18
33,4	-0,48	0,20
33,6	-0,50	0,24
33,8	-0,52	0,26
34,0	-0,52	0,28
34,2	-0,54	0,32
34,4	-0,54	0,34
34,6	-0,56	0,36
34,8	-0,56	0,38
35,0	-0,56	0,40
35,2	-0,56	0,42
35,4	-0,56	0,42
35,6	-0,54	0,44
35,8	-0,54	0,46
36,0	-0,52	0,46
36,2	-0,52	0,48
36,4	-0,50	0,48
36,6	-0,48	0,48
36,8	-0,46	0,50
37,0	-0,44	0,50
37,2	-0,42	0,50
37,4	-0,40	0,50
37,6	-0,38	0,48
37,8	-0,36	0,48
38,0	-0,32	0,48
38,2	-0,30	0,46
38,4	-0,26	0,46
38,6	-0,24	0,44
38,8	-0,20	0,42
39,0	-0,16	0,40
39,2	-0,12	0,38
39,4	-0,10	0,38
39,6	-0,06	0,34
39,8	-0,02	0,32
40,0	0,02	0,30
40,2	0,04	0,28
40,4	0,08	0,24
40,6	0,12	0,22
40,8	0,14	0,20
41,0	0,18	0,16
41,2	0,22	0,14
41,4	0,24	0,10
41,6	0,28	0,06
41,8	0,30	0,04
42,0	0,32	0,00
42,2	0,36	-0,02
42,4	0,38	-0,06
42,6	0,40	-0,08
42,8	0,42	-0,12
43,0	0,44	-0,16
43,2	0,46	-0,18
43,4	0,48	-0,22
43,6	0,50	-0,24
43,8	0,52	-0,26
44,0	0,52	-0,30
44,2	0,54	-0,32
44,4	0,54	-0,34
44,6	0,54	-0,36
44,8	0,56	-0,38
45,0	0,56	-0,40
45,2	0,56	-0,42
45,4	0,56	-0,44
45,6	0,54	-0,46
45,8	0,54	-0,46
46,0	0,52	-0,48
46,2	0,52	-0,48
46,4	0,50	-0,50
46,6	0,48	-0,50
46,8	0,46	-0,50
47,0	0,44	-0,50
47,2	0,42	-0,50
47,4	0,40	-0,50
47,6	0,38	-0,50
47,8	0,36	-0,48
48,0	0,32	-0,48
48,2	0,30	-0,48
48,4	0,26	-0,46
48,6	0,22	-0,44
48,8	0,20	-0,44
49,0	0,16	-0,42
49,2	0,12	-0,40
49,4	0,10	-0,38
49,6	0,06	-0,36
49,8	0,02	-0,34
50,0	-0,02	-0,32
50,2	-0,04	-0,28
50,4	-0,08	-0,26
50,6	-0,12	-0,22
50,8	-0,14	-0,20
51,0	-0,18	-0,18
51,2	-0,22	-0,14
51,4	-0,24	-0,10
51,6	-0,28	-0,08
51,8	-0,30	-0,04
52,0	-0,34	-0,02
52,2	-0,36	0,02
52,4	-0,38	0,06
52,6	-0,40	0,08
52,8	-0,42	0,12
53,0	-0,44	0,14
53,2	-0,46	0,18
53,4	-0,48	0,20
53,6	-0,50	0,24
53,8	-0,52	0,26
54,0	-0,52	0,28
54,2	-0,54	0,32
54,4	-0,54	0,34
54,6	-0,56	0,36
54,8	-0,56	0,38
55,0	-0,56	0,40
55,2	-0,56	0,42
55,4	-0,56	0,42
55,6	-0,54	0,44
55,8	-0,54	0,46
56,0	-0,52	0,46
56,2	-0,52	0,48
56,4	-0,50	0,48
56,6	-0,48	0,48
56,8	-0,46	0,50
57,0	-0,44	0,50
57,2	-0,42	0,50
57,4	-0,40	0,50
57,6	-0,38	0,48
57,8	-0,36	0,48
58,0	-0,32	0,48
58,2	-0,30	0,46
58,4	-0,26	0,46
58,6	-0,24	0,44
58,8	-0,20	0,42
59,0	-0,16	0,40
59,2	-0,12	0,38
59,4	-0,10	0,38
59,6	-0,06	0,34
59,8	-0,02	0,32
60,0	0,00	0,30
60,2	0,04	0,28
60,4	0,08	0,26
60,6	0,12	0,22
60,8	0,14	0,20
61,0	0,18	0,16
61,2	0,20	0,14
61,4	0,24	0,10
61,6	0,28	0,06
61,8	0,30	0,04
62,0	0,34	0,00
62,2	0,36	-0,02
62,4	0,38	-0,06
62,6	0,40	-0,10
62,8	0,42	-0,12
63,0	0,44	-0,16
63,2	0,46	-0,18
63,4	0,48	-0,22
63,6	0,50	-0,24
63,8	0,52	-0,26
64,0	0,52	-0,30
64,2	0,54	-0,32
64,4	0,54	-0,34
64,6	0,56	-0,36
64,8	0,56	-0,38
65,0	0,56	-0,40
65,2	0,56	-0,42
65,4	0,56	-0,44
65,6	0,54	-0,46
65,8	0,54	-0,46
66,0	0,52	-0,48
66,2	0,52	-0,48
66,4	0,50	-0,50
66,6	0,48	-0,50
66,8	0,46	-0,50
67,0	0,44	-0,50
67,2	0,42	-0,50
67,4	0,40	-0,50
67,6	0,38	-0,50
67,8	0,34	-0,48
68,0	0,32	-0,48
68,2	0,30	-0,48
68,4	0,26	-0,46
68,6	0,24	-0,44
68,8	0,20	-0,44
69,0	0,16	-0,42
69,2	0,12	-0,40
69,4	0,10	-0,38
69,6	0,06	-0,36
69,8	0,02	-0,34
70,0	-0,02	-0,32
70,2	-0,04	-0,28
70,4	-0,08	-0,26
70,6	-0,12	-0,22
70,8	-0,14	-0,20
71,0	-0,18	-0,18
71,2	-0,22	-0,14
71,4	-0,24	-0,12
71,6	-0,28	-0,08
71,8	-0,30	-0,04
72,0	-0,34	-0,02
72,2	-0,36	0,02
72,4	-0,38	0,06
72,6	-0,40	0,08
72,8	-0,42	0,12
73,0	-0,46	0,14
73,2	-0,46	0,18
73,4	-0,48	0,20
73,6	-0,50	0,24
73,8	-0,52	0,26
74,0	-0,52	0,28
74,2	-0,54	0,32
74,4	-0,54	0,34
74,6	-0,56	0,36
74,8	-0,56	0,38
75,0	-0,56	0,40
75,2	-0,56	0,42
75,4	-0,56	0,42
75,6	-0,54	0,44
75,8	-0,54	0,46
76,0	-0,52	0,46
76,2	-0,52	0,48
76,4	-0,50	0,48
76,6	-0,48	0,48
76,8	-0,46	0,50
77,0	-0,44	0,50
77,2	-0,42	0,50
77,4	-0,40	0,50
77,6	-0,38	0,48
77,8	-0,36	0,48
78,0	-0,32	0,48
78,2	-0,30	0,46
78,4	-0,26	0,46
78,6	-0,24	0,44
78,8	-0,20	0,42
79,0	-0,16	0,40
79,2	-0,12	0,38
79,4	-0,10	0,38
79,6	-0,06	0,34
79,8	-0,02	0,32
80,0	0,02	0,30
80,2	0,04	0,28
80,4	0,08	0,26
80,6	0,12	0,22
80,8	0,14	0,20
81,0	0,18	0,16
81,2	0,20	0,14
81,4	0,24	0,10
81,6	0,28	0,08
81,8	0,30	0,04
82,0	0,32	0,00
82,2	0,36	-0,02
82,4	0,38	-0,06
82,6	0,40	-0,08
82,8	0,42	-0,12
83,0	0,44	-0,16
83,2	0,46	-0,18
83,4	0,48	-0,22
83,6	0,50	-0,24
83,8	0,52	-0,26
84,0	0,52	-0,30
84,2	0,54	-0,32
84,4	0,54	-0,34
84,6	0,54	-0,36
84,8	0,56	-0,38
85,0	0,56	-0,40
85,2	0,56	-0,42
85,4	0,54	-0,44
85,6	0,54	-0,46
85,8	0,54	-0,46
86,0	0,52	-0,48
86,2	0,52	-0,48
86,4	0,50	-0,50
86,6	0,48	-0,50
86,8	0,46	-0,50
87,0	0,44	-0,50
87,2	0,42	-0,50
87,4	0,40	-0,50
87,6	0,38	-0,50
87,8	0,36	-0,48
88,0	0,32	-0,48
88,2	0,30	-0,48
88,4	0,26	-0,46
88,6	0,22	-0,44
88,8	0,20	-0,44
89,0	0,16	-0,42
89,2	0,12	-0,40
89,4	0,10	-0,38
89,6	0,06	-0,36
89,8	0,02	-0,34
90,0	-0,02	-0,32
90,2	-0,04	-0,28
90,4	-0,08	-0,26
90,6	-0,12	-0,22
90,8	-0,14	-0,20
91,0	-0,18	-0,18
91,2	-0,22	-0,14
91,4	-0,24	-0,10
91,6	-0,28	-0,08
91,8	-0,30	-0,04
92,0	-0,32	-0,02
92,2	-0,36	0,02
92,4	-0,38	0,06
92,6	-0,40	0,08
92,8	-0,42	0,12
93,0	-0,44	0,14
93,2	-0,46	0,18
93,4	-0,48	0,20
93,6	-0,50	0,24
93,8	-0,52	0,26
94,0	-0,52	0,28
94,2	-0,54	0,32
94,4	-0,54	0,34
94,6	-0,56	0,36
94,8	-0,56	0,38
95,0	-0,56	0,40
95,2	-0,56	0,42
95,4	-0,56	0,42
95,6	-0,54	0,44
95,8	-0,54	0,46
96,0	-0,52	0,46
96,2	-0,52	0,48
96,4	-0,50	0,48
96,6	-0,48	0,48
96,8	-0,46	0,50
97,0	-0,44	0,50
97,2	-0,42	0,50
97,4	-0,40	0,50
97,6	-0,38	0,48
97,8	-0,36	0,48
98,0	-0,32	0,48
98,2	-0,30	0,46
98,4	-0,26	0,46
98,6	-0,24	0,44
98,8	-0,20	0,42
99,0	-0,16	0,40
99,2	-0,12	0,38
99,4	-0,10	0,38
99,6	-0,06	0,34
99,8	-0,02	0,32
100,0	0,02	0,30
