Oscilloscope 1.6.3

Experiment
Jméno

L E G E N D
CH A	primár
CH B	sekundár

M E A S U R E
Channel	U rms	U mean	U max	U min	f
A	 0 V	 0 V	29 mV	-29 mV	50,00 Hz
B	 0 V	 0 V	28 mV	-30 mV	50,00 Hz


Time [ms]	CH A [mV]	CH B [mV]
0,0	 1	-2
0,2	 4	-6
0,4	 7	-9
0,6	10	-12
0,8	14	-16
1,0	17	-19
1,2	20	-21
1,4	22	-24
1,6	24	-26
1,8	26	-27
2,0	27	-29
2,2	28	-29
2,4	28	-29
2,6	28	-30
2,8	28	-29
3,0	27	-27
3,2	25	-26
3,4	23	-24
3,6	21	-22
3,8	19	-20
4,0	16	-17
4,2	13	-13
4,4	10	-10
4,6	 6	-7
4,8	 3	-3
5,0	-1	 0
5,2	-4	 4
5,4	-8	 8
5,6	-12	11
5,8	-14	14
6,0	-17	17
6,2	-20	20
6,4	-23	23
6,6	-24	24
6,8	-27	26
7,0	-27	27
7,2	-29	28
7,4	-29	28
7,6	-29	28
7,8	-28	27
8,0	-26	26
8,2	-26	25
8,4	-24	23
8,6	-22	21
8,8	-19	18
9,0	-17	15
9,2	-14	12
9,4	-10	 9
9,6	-7	 5
9,8	-3	 2
10,0	 1	-2
10,2	 4	-6
10,4	 8	-9
10,6	11	-12
10,8	14	-16
11,0	17	-19
11,2	19	-22
11,4	22	-24
11,6	24	-26
11,8	26	-27
12,0	27	-29
12,2	28	-29
12,4	28	-30
12,6	28	-30
12,8	27	-29
13,0	27	-28
13,2	25	-26
13,4	23	-24
13,6	21	-22
13,8	19	-19
14,0	16	-17
14,2	13	-13
14,4	 9	-10
14,6	 6	-7
14,8	 3	-3
15,0	-1	 1
15,2	-4	 4
15,4	-8	 8
15,6	-11	11
15,8	-15	14
16,0	-18	18
16,2	-20	20
16,4	-23	22
16,6	-25	24
16,8	-27	26
17,0	-28	27
17,2	-29	28
17,4	-28	28
17,6	-29	28
17,8	-28	28
18,0	-27	26
18,2	-26	25
18,4	-24	23
18,6	-22	21
18,8	-19	18
19,0	-17	15
19,2	-13	12
19,4	-10	 9
19,6	-7	 5
19,8	-3	 1
20,0	 0	-2
20,2	 4	-6
20,4	 7	-9
20,6	11	-13
20,8	14	-15
21,0	17	-19
21,2	20	-21
21,4	23	-24
21,6	24	-26
21,8	25	-27
22,0	27	-28
22,2	28	-29
22,4	28	-30
22,6	28	-29
22,8	27	-29
23,0	27	-28
23,2	25	-26
23,4	23	-25
23,6	21	-22
23,8	19	-19
24,0	16	-17
24,2	13	-14
24,4	 9	-10
24,6	 6	-6
24,8	 3	-3
25,0	-1	 0
25,2	-4	 4
25,4	-8	 8
25,6	-11	11
25,8	-14	14
26,0	-18	17
26,2	-20	20
26,4	-23	23
26,6	-25	24
26,8	-26	26
27,0	-28	27
27,2	-29	28
27,4	-29	28
27,6	-29	28
27,8	-28	27
28,0	-27	26
28,2	-26	25
28,4	-24	23
28,6	-22	21
28,8	-20	18
29,0	-17	15
29,2	-14	12
29,4	-10	 8
29,6	-7	 5
29,8	-3	 2
30,0	 0	-2
30,2	 4	-5
30,4	 7	-9
30,6	11	-13
30,8	14	-16
31,0	17	-18
31,2	20	-22
31,4	22	-24
31,6	24	-26
31,8	26	-27
32,0	27	-29
32,2	28	-30
32,4	28	-29
32,6	28	-30
32,8	28	-29
33,0	27	-28
33,2	25	-27
33,4	24	-24
33,6	21	-22
33,8	19	-19
34,0	16	-17
34,2	13	-13
34,4	10	-10
34,6	 6	-7
34,8	 2	-3
35,0	-1	 0
35,2	-4	 4
35,4	-8	 8
35,6	-11	11
35,8	-14	14
36,0	-18	18
36,2	-20	20
36,4	-23	23
36,6	-25	24
36,8	-27	26
37,0	-28	27
37,2	-29	28
37,4	-29	28
37,6	-29	28
37,8	-28	27
38,0	-27	26
38,2	-26	24
38,4	-24	23
38,6	-22	21
38,8	-19	18
39,0	-17	15
39,2	-14	12
39,4	-10	 9
39,6	-7	 5
39,8	-3	 2
40,0	 0	-2
40,2	 4	-5
40,4	 7	-9
40,6	11	-13
40,8	14	-15
41,0	17	-19
41,2	20	-21
41,4	22	-24
41,6	24	-26
41,8	26	-28
42,0	27	-28
42,2	28	-29
42,4	28	-30
42,6	28	-29
42,8	29	-29
43,0	27	-28
43,2	25	-26
43,4	23	-24
43,6	21	-22
43,8	19	-20
44,0	16	-17
44,2	13	-14
44,4	10	-10
44,6	 6	-6
44,8	 3	-3
45,0	-1	 0
45,2	-4	 4
45,4	-8	 7
45,6	-11	11
45,8	-15	14
46,0	-18	17
46,2	-20	20
46,4	-23	23
46,6	-25	24
46,8	-26	26
47,0	-28	27
47,2	-29	28
47,4	-29	28
47,6	-29	28
47,8	-28	27
48,0	-27	27
48,2	-26	25
48,4	-24	23
48,6	-22	21
48,8	-20	18
49,0	-16	15
49,2	-13	12
49,4	-10	 9
49,6	-7	 5
49,8	-4	 2
50,0	 0	-2
50,2	 4	-6
50,4	 7	-9
50,6	11	-13
50,8	14	-16
51,0	17	-19
51,2	20	-22
51,4	22	-24
51,6	24	-26
51,8	26	-27
52,0	27	-28
52,2	28	-29
52,4	28	-29
52,6	28	-29
52,8	27	-29
53,0	27	-28
53,2	25	-26
53,4	23	-24
53,6	21	-22
53,8	19	-19
54,0	16	-17
54,2	13	-13
54,4	10	-10
54,6	 6	-7
54,8	 2	-3
55,0	-1	 1
55,2	-5	 4
55,4	-7	 7
55,6	-11	11
55,8	-15	14
56,0	-17	17
56,2	-20	20
56,4	-23	23
56,6	-25	24
56,8	-26	26
57,0	-28	27
57,2	-29	28
57,4	-29	28
57,6	-29	28
57,8	-28	27
58,0	-27	26
58,2	-26	25
58,4	-24	23
58,6	-22	21
58,8	-19	18
59,0	-17	15
59,2	-14	12
59,4	-10	 9
59,6	-7	 5
59,8	-3	 1
60,0	 0	-2
60,2	 4	-5
60,4	 7	-9
60,6	11	-13
60,8	14	-15
61,0	17	-19
61,2	20	-21
61,4	22	-24
61,6	24	-26
61,8	25	-27
62,0	27	-28
62,2	28	-29
62,4	28	-30
62,6	29	-30
62,8	28	-29
63,0	27	-28
63,2	25	-26
63,4	24	-25
63,6	21	-22
63,8	19	-20
64,0	16	-16
64,2	13	-14
64,4	10	-10
64,6	 6	-6
64,8	 3	-3
65,0	-1	 0
65,2	-5	 4
65,4	-8	 8
65,6	-11	11
65,8	-14	14
66,0	-17	17
66,2	-20	20
66,4	-23	22
66,6	-24	24
66,8	-27	26
67,0	-28	27
67,2	-29	28
67,4	-28	28
67,6	-29	28
67,8	-29	27
68,0	-27	26
68,2	-26	25
68,4	-24	23
68,6	-21	21
68,8	-20	18
69,0	-17	15
69,2	-14	12
69,4	-10	 9
69,6	-7	 5
69,8	-3	 2
70,0	 0	-2
70,2	 4	-6
70,4	 7	-9
70,6	11	-13
70,8	14	-16
71,0	17	-18
71,2	19	-21
71,4	22	-24
71,6	25	-26
71,8	26	-28
72,0	27	-29
72,2	28	-30
72,4	28	-30
72,6	28	-29
72,8	28	-29
73,0	27	-28
73,2	25	-27
73,4	23	-24
73,6	21	-22
73,8	19	-19
74,0	16	-17
74,2	13	-13
74,4	 9	-10
74,6	 6	-7
74,8	 3	-3
75,0	 0	 0
75,2	-4	 4
75,4	-8	 8
75,6	-11	11
75,8	-15	14
76,0	-18	17
76,2	-20	20
76,4	-22	22
76,6	-25	24
76,8	-26	26
77,0	-27	27
77,2	-28	28
77,4	-29	28
77,6	-29	28
77,8	-28	27
78,0	-27	26
78,2	-26	25
78,4	-24	23
78,6	-22	21
78,8	-19	18
79,0	-17	15
79,2	-14	12
79,4	-10	 9
79,6	-7	 5
79,8	-3	 1
80,0	 0	-2
80,2	 4	-6
80,4	 7	-9
80,6	11	-12
80,8	14	-15
81,0	17	-19
81,2	20	-21
81,4	22	-24
81,6	24	-26
81,8	26	-28
82,0	27	-29
82,2	28	-29
82,4	29	-30
82,6	28	-29
82,8	28	-29
83,0	27	-28
83,2	25	-26
83,4	23	-24
83,6	21	-22
83,8	19	-20
84,0	16	-17
84,2	13	-13
84,4	10	-10
84,6	 6	-7
84,8	 2	-3
85,0	 0	 0
85,2	-4	 4
85,4	-8	 8
85,6	-11	11
85,8	-15	15
86,0	-18	17
86,2	-20	20
86,4	-22	22
86,6	-25	24
86,8	-26	25
87,0	-28	27
87,2	-28	27
87,4	-29	28
87,6	-29	28
87,8	-28	27
88,0	-27	27
88,2	-26	25
88,4	-24	23
88,6	-22	21
88,8	-20	18
89,0	-17	15
89,2	-13	12
89,4	-10	 9
89,6	-7	 5
89,8	-3	 2
90,0	 0	-2
90,2	 4	-6
90,4	 7	-9
90,6	11	-13
90,8	14	-16
91,0	17	-18
91,2	20	-21
91,4	22	-23
91,6	24	-26
91,8	25	-27
92,0	27	-29
92,2	28	-29
92,4	28	-29
92,6	28	-29
92,8	27	-29
93,0	27	-28
93,2	25	-27
93,4	24	-24
93,6	22	-22
93,8	19	-19
94,0	16	-17
94,2	13	-13
94,4	10	-10
94,6	 6	-7
94,8	 2	-3
95,0	-1	 0
95,2	-4	 4
95,4	-8	 8
95,6	-12	11
95,8	-15	14
96,0	-17	17
96,2	-21	20
96,4	-23	23
96,6	-25	24
96,8	-27	26
97,0	-28	27
97,2	-28	28
97,4	-29	28
97,6	-28	27
97,8	-28	27
98,0	-27	26
98,2	-26	25
98,4	-24	23
98,6	-21	20
98,8	-19	18
99,0	-16	15
99,2	-14	12
99,4	-10	 9
99,6	-7	 5
99,8	-3	 1
100,0	 0	-2
