Oscilloscope 1.6.3

Experiment
Jméno

L E G E N D
CH A	napìtí na primární cívce
CH B	proud na odporu

M E A S U R E
Channel	U rms	U mean	U max	U min	f
A	0,11 V	0,00 V	0,16 V	-0,16 V	50,00 Hz
B	1,30 V	0,00 V	1,84 V	-1,84 V	50,00 Hz


Time [ms]	CH A [V]	CH B [V]
0,0	0,02	-0,10
0,2	0,02	-0,22
0,4	0,02	-0,34
0,6	0,04	-0,46
0,8	0,04	-0,56
1,0	0,06	-0,68
1,2	0,06	-0,78
1,4	0,08	-0,88
1,6	0,08	-0,98
1,8	0,10	-1,08
2,0	0,10	-1,16
2,2	0,10	-1,26
2,4	0,12	-1,34
2,6	0,12	-1,42
2,8	0,12	-1,50
3,0	0,14	-1,56
3,2	0,14	-1,62
3,4	0,14	-1,66
3,6	0,14	-1,72
3,8	0,14	-1,76
4,0	0,14	-1,78
4,2	0,16	-1,82
4,4	0,16	-1,84
4,6	0,16	-1,84
4,8	0,16	-1,84
5,0	0,16	-1,84
5,2	0,16	-1,84
5,4	0,16	-1,82
5,6	0,14	-1,80
5,8	0,14	-1,76
6,0	0,14	-1,72
6,2	0,14	-1,68
6,4	0,14	-1,62
6,6	0,12	-1,56
6,8	0,12	-1,50
7,0	0,12	-1,42
7,2	0,12	-1,36
7,4	0,10	-1,26
7,6	0,10	-1,18
7,8	0,08	-1,08
8,0	0,08	-1,00
8,2	0,08	-0,90
8,4	0,06	-0,80
8,6	0,06	-0,68
8,8	0,04	-0,58
9,0	0,04	-0,46
9,2	0,02	-0,36
9,4	0,02	-0,24
9,6	0,00	-0,12
9,8	0,00	0,00
10,0	-0,02	0,10
10,2	-0,02	0,22
10,4	-0,04	0,34
10,6	-0,04	0,44
10,8	-0,06	0,56
11,0	-0,06	0,66
11,2	-0,06	0,78
11,4	-0,08	0,88
11,6	-0,08	0,98
11,8	-0,10	1,08
12,0	-0,10	1,16
12,2	-0,10	1,26
12,4	-0,12	1,34
12,6	-0,12	1,40
12,8	-0,12	1,48
13,0	-0,14	1,54
13,2	-0,14	1,60
13,4	-0,14	1,66
13,6	-0,14	1,70
13,8	-0,16	1,74
14,0	-0,16	1,78
14,2	-0,16	1,80
14,4	-0,16	1,82
14,6	-0,16	1,84
14,8	-0,16	1,84
15,0	-0,16	1,84
15,2	-0,16	1,82
15,4	-0,16	1,80
15,6	-0,16	1,78
15,8	-0,14	1,76
16,0	-0,14	1,72
16,2	-0,14	1,66
16,4	-0,14	1,62
16,6	-0,14	1,56
16,8	-0,12	1,50
17,0	-0,12	1,42
17,2	-0,12	1,34
17,4	-0,10	1,26
17,6	-0,10	1,18
17,8	-0,10	1,08
18,0	-0,08	0,98
18,2	-0,08	0,88
18,4	-0,06	0,78
18,6	-0,06	0,68
18,8	-0,04	0,58
19,0	-0,04	0,46
19,2	-0,02	0,34
19,4	-0,02	0,24
19,6	0,00	0,12
19,8	0,00	0,00
20,0	0,02	-0,10
20,2	0,02	-0,22
20,4	0,02	-0,34
20,6	0,04	-0,46
20,8	0,04	-0,56
21,0	0,06	-0,68
21,2	0,06	-0,78
21,4	0,08	-0,88
21,6	0,08	-0,98
21,8	0,10	-1,08
22,0	0,10	-1,18
22,2	0,10	-1,26
22,4	0,12	-1,34
22,6	0,12	-1,42
22,8	0,12	-1,50
23,0	0,14	-1,56
23,2	0,14	-1,62
23,4	0,14	-1,66
23,6	0,14	-1,72
23,8	0,14	-1,76
24,0	0,14	-1,78
24,2	0,16	-1,82
24,4	0,16	-1,84
24,6	0,16	-1,84
24,8	0,16	-1,84
25,0	0,16	-1,84
25,2	0,16	-1,84
25,4	0,16	-1,82
25,6	0,14	-1,80
25,8	0,14	-1,76
26,0	0,14	-1,72
26,2	0,14	-1,68
26,4	0,14	-1,62
26,6	0,12	-1,56
26,8	0,12	-1,50
27,0	0,12	-1,42
27,2	0,12	-1,36
27,4	0,10	-1,28
27,6	0,10	-1,18
27,8	0,08	-1,10
28,0	0,08	-1,00
28,2	0,08	-0,90
28,4	0,06	-0,80
28,6	0,06	-0,68
28,8	0,04	-0,58
29,0	0,04	-0,46
29,2	0,02	-0,36
29,4	0,02	-0,24
29,6	0,00	-0,12
29,8	0,00	0,00
30,0	-0,02	0,10
30,2	-0,02	0,22
30,4	-0,04	0,34
30,6	-0,04	0,44
30,8	-0,06	0,56
31,0	-0,06	0,66
31,2	-0,06	0,78
31,4	-0,08	0,88
31,6	-0,08	0,98
31,8	-0,10	1,08
32,0	-0,10	1,16
32,2	-0,10	1,26
32,4	-0,12	1,34
32,6	-0,12	1,42
32,8	-0,12	1,48
33,0	-0,14	1,54
33,2	-0,14	1,60
33,4	-0,14	1,66
33,6	-0,14	1,70
33,8	-0,14	1,74
34,0	-0,16	1,78
34,2	-0,16	1,80
34,4	-0,16	1,82
34,6	-0,16	1,84
34,8	-0,16	1,84
35,0	-0,16	1,84
35,2	-0,16	1,82
35,4	-0,16	1,80
35,6	-0,14	1,78
35,8	-0,14	1,76
36,0	-0,14	1,72
36,2	-0,14	1,66
36,4	-0,14	1,62
36,6	-0,14	1,56
36,8	-0,12	1,50
37,0	-0,12	1,42
37,2	-0,12	1,34
37,4	-0,10	1,26
37,6	-0,10	1,18
37,8	-0,10	1,08
38,0	-0,08	0,98
38,2	-0,08	0,88
38,4	-0,06	0,78
38,6	-0,06	0,68
38,8	-0,04	0,58
39,0	-0,04	0,46
39,2	-0,02	0,34
39,4	-0,02	0,24
39,6	0,00	0,12
39,8	0,00	0,00
40,0	0,02	-0,10
40,2	0,02	-0,22
40,4	0,04	-0,34
40,6	0,04	-0,46
40,8	0,04	-0,56
41,0	0,06	-0,68
41,2	0,06	-0,78
41,4	0,08	-0,88
41,6	0,08	-0,98
41,8	0,10	-1,08
42,0	0,10	-1,16
42,2	0,10	-1,26
42,4	0,12	-1,34
42,6	0,12	-1,42
42,8	0,12	-1,50
43,0	0,14	-1,56
43,2	0,14	-1,62
43,4	0,14	-1,68
43,6	0,14	-1,72
43,8	0,14	-1,76
44,0	0,14	-1,78
44,2	0,16	-1,82
44,4	0,16	-1,84
44,6	0,16	-1,84
44,8	0,16	-1,84
45,0	0,16	-1,84
45,2	0,16	-1,84
45,4	0,14	-1,82
45,6	0,14	-1,80
45,8	0,14	-1,76
46,0	0,14	-1,72
46,2	0,14	-1,68
46,4	0,14	-1,62
46,6	0,12	-1,56
46,8	0,12	-1,50
47,0	0,12	-1,44
47,2	0,12	-1,36
47,4	0,10	-1,28
47,6	0,10	-1,18
47,8	0,08	-1,10
48,0	0,08	-1,00
48,2	0,08	-0,90
48,4	0,06	-0,80
48,6	0,06	-0,68
48,8	0,04	-0,58
49,0	0,04	-0,46
49,2	0,02	-0,36
49,4	0,02	-0,24
49,6	0,00	-0,12
49,8	0,00	0,00
50,0	-0,02	0,10
50,2	-0,02	0,22
50,4	-0,04	0,34
50,6	-0,04	0,44
50,8	-0,06	0,56
51,0	-0,06	0,66
51,2	-0,06	0,78
51,4	-0,08	0,88
51,6	-0,08	0,98
51,8	-0,10	1,08
52,0	-0,10	1,16
52,2	-0,12	1,26
52,4	-0,12	1,34
52,6	-0,12	1,42
52,8	-0,12	1,48
53,0	-0,14	1,54
53,2	-0,14	1,60
53,4	-0,14	1,66
53,6	-0,14	1,70
53,8	-0,14	1,74
54,0	-0,16	1,78
54,2	-0,16	1,80
54,4	-0,16	1,82
54,6	-0,16	1,84
54,8	-0,16	1,84
55,0	-0,16	1,84
55,2	-0,16	1,82
55,4	-0,16	1,80
55,6	-0,14	1,78
55,8	-0,14	1,76
56,0	-0,14	1,72
56,2	-0,14	1,66
56,4	-0,14	1,62
56,6	-0,12	1,56
56,8	-0,12	1,50
57,0	-0,12	1,42
57,2	-0,12	1,34
57,4	-0,10	1,26
57,6	-0,10	1,18
57,8	-0,10	1,08
58,0	-0,08	0,98
58,2	-0,08	0,88
58,4	-0,06	0,78
58,6	-0,06	0,68
58,8	-0,04	0,58
59,0	-0,04	0,46
59,2	-0,02	0,34
59,4	-0,02	0,24
59,6	0,00	0,12
59,8	0,00	0,00
60,0	0,02	-0,10
60,2	0,02	-0,22
60,4	0,04	-0,34
60,6	0,04	-0,46
60,8	0,04	-0,56
61,0	0,06	-0,68
61,2	0,06	-0,78
61,4	0,08	-0,88
61,6	0,08	-0,98
61,8	0,10	-1,08
62,0	0,10	-1,18
62,2	0,10	-1,26
62,4	0,12	-1,34
62,6	0,12	-1,42
62,8	0,12	-1,50
63,0	0,14	-1,56
63,2	0,14	-1,62
63,4	0,14	-1,66
63,6	0,14	-1,72
63,8	0,14	-1,76
64,0	0,14	-1,78
64,2	0,16	-1,82
64,4	0,16	-1,84
64,6	0,16	-1,84
64,8	0,16	-1,84
65,0	0,16	-1,84
65,2	0,16	-1,84
65,4	0,16	-1,82
65,6	0,14	-1,80
65,8	0,14	-1,76
66,0	0,14	-1,72
66,2	0,14	-1,68
66,4	0,14	-1,62
66,6	0,12	-1,56
66,8	0,12	-1,50
67,0	0,12	-1,44
67,2	0,12	-1,36
67,4	0,10	-1,26
67,6	0,10	-1,18
67,8	0,08	-1,08
68,0	0,08	-1,00
68,2	0,08	-0,90
68,4	0,06	-0,80
68,6	0,06	-0,68
68,8	0,04	-0,58
69,0	0,04	-0,46
69,2	0,02	-0,36
69,4	0,02	-0,24
69,6	0,00	-0,12
69,8	0,00	0,00
70,0	-0,02	0,10
70,2	-0,02	0,22
70,4	-0,04	0,34
70,6	-0,04	0,44
70,8	-0,06	0,56
71,0	-0,06	0,66
71,2	-0,06	0,78
71,4	-0,08	0,88
71,6	-0,08	0,98
71,8	-0,10	1,08
72,0	-0,10	1,16
72,2	-0,10	1,26
72,4	-0,12	1,34
72,6	-0,12	1,42
72,8	-0,12	1,48
73,0	-0,14	1,54
73,2	-0,14	1,60
73,4	-0,14	1,66
73,6	-0,14	1,70
73,8	-0,14	1,74
74,0	-0,16	1,78
74,2	-0,16	1,80
74,4	-0,16	1,82
74,6	-0,16	1,84
74,8	-0,16	1,84
75,0	-0,16	1,84
75,2	-0,16	1,82
75,4	-0,16	1,80
75,6	-0,16	1,78
75,8	-0,14	1,76
76,0	-0,14	1,72
76,2	-0,14	1,66
76,4	-0,14	1,62
76,6	-0,12	1,56
76,8	-0,12	1,50
77,0	-0,12	1,42
77,2	-0,12	1,34
77,4	-0,10	1,26
77,6	-0,10	1,18
77,8	-0,10	1,08
78,0	-0,08	0,98
78,2	-0,08	0,88
78,4	-0,06	0,78
78,6	-0,06	0,68
78,8	-0,04	0,58
79,0	-0,04	0,46
79,2	-0,02	0,34
79,4	-0,02	0,24
79,6	0,00	0,12
79,8	0,00	0,00
80,0	0,02	-0,10
80,2	0,02	-0,22
80,4	0,04	-0,34
80,6	0,04	-0,46
80,8	0,04	-0,56
81,0	0,06	-0,68
81,2	0,06	-0,78
81,4	0,08	-0,88
81,6	0,08	-0,98
81,8	0,10	-1,08
82,0	0,10	-1,18
82,2	0,10	-1,26
82,4	0,12	-1,34
82,6	0,12	-1,42
82,8	0,12	-1,50
83,0	0,14	-1,56
83,2	0,14	-1,62
83,4	0,14	-1,66
83,6	0,14	-1,72
83,8	0,14	-1,76
84,0	0,16	-1,78
84,2	0,16	-1,82
84,4	0,16	-1,84
84,6	0,16	-1,84
84,8	0,16	-1,84
85,0	0,16	-1,84
85,2	0,16	-1,84
85,4	0,16	-1,82
85,6	0,14	-1,80
85,8	0,14	-1,76
86,0	0,14	-1,72
86,2	0,14	-1,68
86,4	0,14	-1,62
86,6	0,12	-1,56
86,8	0,12	-1,50
87,0	0,12	-1,42
87,2	0,12	-1,36
87,4	0,10	-1,26
87,6	0,10	-1,18
87,8	0,08	-1,10
88,0	0,08	-1,00
88,2	0,08	-0,90
88,4	0,06	-0,80
88,6	0,06	-0,68
88,8	0,04	-0,58
89,0	0,04	-0,46
89,2	0,02	-0,36
89,4	0,02	-0,24
89,6	0,00	-0,12
89,8	0,00	0,00
90,0	-0,02	0,10
90,2	-0,02	0,22
90,4	-0,04	0,34
90,6	-0,04	0,44
90,8	-0,06	0,56
91,0	-0,06	0,66
91,2	-0,06	0,78
91,4	-0,08	0,88
91,6	-0,08	0,98
91,8	-0,10	1,08
92,0	-0,10	1,16
92,2	-0,10	1,26
92,4	-0,12	1,34
92,6	-0,12	1,42
92,8	-0,12	1,48
93,0	-0,14	1,54
93,2	-0,14	1,60
93,4	-0,14	1,66
93,6	-0,14	1,70
93,8	-0,14	1,74
94,0	-0,16	1,78
94,2	-0,16	1,80
94,4	-0,16	1,82
94,6	-0,16	1,84
94,8	-0,16	1,84
95,0	-0,16	1,84
95,2	-0,16	1,82
95,4	-0,16	1,82
95,6	-0,16	1,78
95,8	-0,14	1,76
96,0	-0,14	1,72
96,2	-0,14	1,66
96,4	-0,14	1,62
96,6	-0,14	1,56
96,8	-0,12	1,50
97,0	-0,12	1,42
97,2	-0,12	1,34
97,4	-0,10	1,26
97,6	-0,10	1,18
97,8	-0,08	1,08
98,0	-0,08	0,98
98,2	-0,08	0,88
98,4	-0,06	0,78
98,6	-0,06	0,68
98,8	-0,04	0,58
99,0	-0,04	0,46
99,2	-0,02	0,34
99,4	-0,02	0,24
99,6	0,00	0,12
99,8	0,00	0,00
100,0	0,02	-0,10
